---362.23112607 seconds ---
40 32 0.810666
48 32 0.480565
584 48 0.497072
592 48 0.436295
1392 48 0.54617
584 56 0.49806
1384 56 0.818532
88 72 0.930247
96 72 0.998699
560 72 0.715573
1368 72 0.577682
88 80 0.496646
760 80 0.492498
1352 80 0.463829
1360 80 0.963591
760 88 0.857776
768 88 0.69898
1344 88 0.606681
1352 88 0.949389
760 96 0.630041
768 96 0.820248
1344 96 0.771486
120 104 0.60661
128 104 0.569491
192 104 0.41533
200 104 0.493041
1336 104 0.581003
112 112 0.496101
120 112 0.988751
128 112 0.774811
200 112 0.496108
128 120 0.999349
136 120 0.496499
1312 120 0.490293
1320 120 0.858334
128 128 0.999845
136 128 0.506837
1304 128 0.519302
1312 128 0.790089
432 136 0.980773
440 136 0.744748
1304 136 0.660697
432 144 0.969629
440 144 0.515222
1296 144 0.444903
512 152 0.602674
520 152 0.945278
1280 152 0.504539
1288 152 0.902675
504 160 0.497173
512 160 0.999928
520 160 0.999792
712 160 0.689306
1280 160 0.900132
512 168 0.722163
1272 168 0.872678
1256 176 0.854414
1264 176 0.966299
144 184 0.589544
152 184 0.871196
664 184 0.861878
672 184 0.967869
1248 184 0.595555
1256 184 0.968317
144 192 0.98533
152 192 0.999999
664 192 0.996474
672 192 0.997656
1240 192 0.540138
1248 192 0.991851
144 200 0.99034
152 200 0.926629
664 200 0.5713
672 200 0.95174
1232 200 0.406312
1240 200 0.952975
1232 208 0.913399
1224 216 0.777414
1216 224 0.531483
1192 248 0.831767
1176 256 0.946227
1184 256 0.945838
1520 256 0.470483
1528 256 0.994692
1536 256 0.995333
776 264 0.461888
1168 264 0.997595
1176 264 0.999944
1520 264 0.999029
1528 264 1.0
1536 264 1.0
1544 264 0.983314
1160 272 0.988529
1168 272 0.99984
1176 272 0.623779
1408 272 0.787268
1416 272 0.449483
1520 272 0.999999
1528 272 1.0
1536 272 1.0
1544 272 0.999149
1592 272 0.96872
1600 272 0.930634
1160 280 0.947973
1400 280 0.498698
1520 280 0.879343
1528 280 0.99994
1536 280 0.998504
1592 280 0.998996
1600 280 0.979727
1144 288 0.411612
1584 288 0.889354
1592 288 0.939977
1600 288 0.570198
1144 296 0.405444
1128 304 0.453977
1136 304 0.991695
1320 304 0.559104
1328 304 0.625804
1128 312 0.58727
1136 312 0.429336
1176 312 0.546589
1320 312 0.859675
1352 312 0.470576
1168 320 0.989334
1176 320 0.506679
1352 320 0.452713
1360 320 0.484045
1168 328 0.946123
1176 328 0.567457
776 336 0.653672
784 336 0.941248
864 336 0.569833
776 344 0.995223
784 344 0.99949
792 344 0.999838
776 352 0.513994
784 352 0.885035
792 352 0.99804
800 352 0.756961
1440 352 0.480544
1448 352 0.483558
792 360 0.470061
800 360 0.633681
808 360 0.672239
1440 360 0.886914
1448 360 0.78824
544 368 0.570164
552 368 0.567644
800 368 0.541925
808 368 0.408627
1432 368 0.507263
1440 368 0.966434
1448 368 0.582841
1064 384 0.447969
1408 384 0.54645
1416 384 0.994233
1144 392 0.450989
1408 392 0.896955
1416 392 0.999927
1144 400 0.751645
1152 400 0.430047
1408 400 0.999288
1416 400 0.999594
1088 408 0.983943
1152 408 0.467192
1408 408 0.816758
1416 408 0.999727
1424 408 0.49927
528 416 0.459532
1408 416 0.501563
1416 416 0.999765
1424 416 0.505301
1072 424 0.402483
1168 424 0.493936
1416 424 0.527877
536 432 0.480704
752 432 0.424325
1056 432 0.979726
1064 432 0.999671
1512 432 0.890889
504 440 0.440094
880 440 0.457561
1280 440 0.536785
1456 440 0.972803
1464 440 0.961269
1512 440 0.53229
896 448 0.499691
1280 448 0.611706
1448 448 0.997902
1456 448 0.999937
1464 448 1.0
1472 448 0.988118
1504 448 0.41093
1512 448 0.425904
760 456 0.541556
904 456 0.432186
1168 456 0.471698
1456 456 0.402678
1464 456 0.999941
1472 456 0.949808
752 464 0.478842
760 464 0.779777
768 464 0.463211
1168 464 0.505414
1456 464 0.49731
1464 464 0.981555
1472 464 0.449556
760 472 0.930098
768 472 0.873616
824 472 0.73795
920 472 0.427942
1160 472 0.579252
1312 472 0.451321
1320 472 0.597581
1480 472 0.519354
752 480 0.457902
760 480 0.994657
1312 480 0.99957
1320 480 0.998814
1328 480 0.509441
1480 480 0.48828
752 488 0.487577
760 488 0.476003
1152 488 0.447577
1312 488 0.959207
1320 488 0.999996
1328 488 0.650889
1144 496 0.639441
1152 496 0.487466
1320 496 0.971025
1328 496 0.497341
1560 496 0.968872
1568 496 0.999313
1552 504 0.468144
1560 504 0.999701
1568 504 0.999269
1576 504 0.620841
856 512 0.996348
864 512 0.999258
872 512 0.997034
1560 512 0.999613
1568 512 0.952286
1576 512 0.642296
856 520 0.995468
864 520 0.999982
872 520 0.897779
976 520 0.667534
984 520 0.655421
864 528 0.517888
968 528 0.521396
976 528 0.410801
744 536 0.494287
752 536 0.64213
1384 536 0.878105
1392 536 0.83433
1376 544 0.772981
1384 544 0.99633
1392 544 0.989834
1080 568 0.490673
1064 576 0.4503
1080 576 0.500002
768 592 0.617436
776 592 0.526636
1096 592 0.569452
112 600 0.412443
1080 600 0.498417
1088 600 0.450523
648 608 0.490961
1072 608 0.989991
1080 608 0.996752
1088 608 0.998988
664 616 0.49377
1064 616 0.983188
1072 616 0.999996
1080 616 0.98629
1088 616 0.716896
648 624 0.509032
656 624 0.513976
1064 624 0.996904
1072 624 0.99983
1080 624 0.999984
1288 624 0.454944
640 632 0.49544
648 632 0.885252
704 632 0.49757
1056 632 0.998787
1064 632 0.999444
1288 632 0.503033
1296 632 0.560509
1056 640 0.508389
1312 648 0.959857
1320 648 0.999452
1328 648 0.64497
384 656 0.788411
392 656 0.497805
1176 656 0.499636
1192 656 0.443865
1312 656 0.999338
1320 656 0.999949
1328 656 0.998685
1176 664 0.504196
1184 664 0.899583
1312 664 0.987279
1320 664 0.999999
1328 664 0.999979
1336 664 0.657355
1176 672 0.854824
1184 672 0.609641
1192 672 0.851255
1320 672 0.920969
1328 672 0.543187
1160 680 0.437089
1168 680 0.842054
1176 680 0.979207
1168 688 0.511194
1176 688 0.998987
1224 688 0.523917
1232 688 0.991546
1232 696 0.871892
1240 696 0.963507
616 704 0.412769
1232 704 0.565991
1240 704 0.837495
600 712 0.550116
608 712 0.455644
960 712 0.497263
960 720 0.500717
960 728 0.525442
880 744 0.962379
880 752 0.98853
872 760 0.919104
880 760 0.957316
872 768 0.742067
880 768 0.544984
520 776 0.671565
792 792 0.579139
800 792 0.525306
1040 792 0.436647
1048 792 0.694402
1056 792 0.428193
784 800 0.997529
792 800 0.999999
800 800 0.944454
1040 800 0.811188
1048 800 0.992327
1056 800 0.927001
440 808 0.441864
528 808 0.805023
784 808 0.981423
792 808 0.999999
1048 808 0.804815
1056 808 0.87773
432 816 0.711146
440 816 0.820595
432 824 0.714498
440 824 0.972856
432 832 0.994104
440 832 0.991615
1696 832 0.927358
432 840 0.957015
440 840 0.92291
1696 840 0.99435
1704 840 0.537659
432 848 0.445782
352 872 0.406029
344 880 0.438284
352 880 0.647665
256 912 0.547232
264 912 0.96107
256 920 0.984055
264 920 0.999982
256 928 0.999692
264 928 0.999998
272 928 0.989893
648 928 0.999314
656 928 0.995466
1584 928 0.505659
72 936 0.520764
256 936 0.998105
264 936 0.999931
272 936 0.637049
648 936 0.999923
656 936 0.564567
1600 936 0.461609
1672 936 0.9835
1680 936 0.999244
1688 936 0.998357
1696 936 0.999966
1704 936 0.999102
1712 936 0.999372
1720 936 0.680519
1728 936 0.997067
1736 936 0.544538
1768 936 0.513077
1784 936 0.749084
1792 936 0.958973
72 944 0.908916
256 944 0.722337
264 944 0.962203
640 944 0.442742
648 944 0.997325
1648 944 0.447748
1656 944 0.953365
1664 944 0.893302
1672 944 0.999999
1680 944 0.999626
1688 944 0.998876
1696 944 1.0
1704 944 0.99986
1712 944 1.0
1720 944 0.999997
1728 944 1.0
1736 944 0.999997
1744 944 0.999531
1752 944 0.99669
1760 944 0.999399
1768 944 0.999436
1776 944 0.528278
1784 944 0.981424
1792 944 0.669475
72 952 0.6924
80 952 0.401036
1616 952 0.520104
