0.000294937
0.000173757
0.000267402
0.000257637
0.000183048
0.000298252
0.000340948
0.000443696
0.000385845
0.000527877
0.000545933
0.000465787
0.000397873
0.00045075
0.000304052
0.000340728
0.000216587
0.000205184
0.000199152
0.000117721
0.000130391
0.000295276
0.00236288
0.00918548
0.0670704
0.981188
0.999126
0.836147
0.00400955
4.32773e-05
0.000262571
2.17964e-05
1.51798e-05
2.63678e-05
5.3736e-05
9.52141e-05
7.57379e-05
8.88552e-05
6.54343e-05
7.10064e-05
0.000112773
0.000141928
0.000167811
0.000234046
0.000258751
0.00031757
0.000516216
0.000470962
0.000415698
0.000411556
0.000319756
0.000259902
0.000290609
0.000376037
0.000523246
0.000792611
0.00116591
0.00121283
0.0013857
0.000567119
0.000410676
0.000263755
0.000136131
0.000188651
0.000213342
0.000295202
0.000284205
0.000270173
0.000213747
0.00031333
0.000344195
0.00030904
0.000415182
0.000349669
0.000444335
0.000522367
0.000407838
0.000337082
0.000413176
0.000330134
0.000273014
0.000202216
0.000281713
0.000291467
0.000240291
0.000205431
0.000344494
0.000727221
0.000922469
0.0273616
0.828288
0.999312
0.999112
0.688308
0.0820556
0.0161981
0.00011613
1.28883e-05
2.31684e-05
5.10346e-05
5.36805e-05
6.89211e-05
6.813e-05
6.04336e-05
6.9883e-05
8.35759e-05
0.000107991
0.000147234
0.000218025
0.000296381
0.000364616
0.000538627
0.000526138
0.000542208
0.000474067
0.000347662
0.000335007
0.000389453
0.000383287
0.000518865
0.0009637
0.000803781
0.0010149
0.00097006
0.000336403
0.000210589
0.000164433
0.000123504
0.000118425
0.000104157
0.000278106
0.000233917
0.000256996
0.000232781
0.000291821
0.0003068
0.000330529
0.000474234
0.000397049
0.000427608
0.000520555
0.000475271
0.000387717
0.000387291
0.000256911
0.000251172
0.00020588
0.000188075
8.05131e-05
7.9182e-05
0.000295058
0.000755456
0.00299524
0.000750977
0.0020167
0.0050856
0.914855
0.977809
0.970397
0.947439
0.0567622
0.000113709
1.4562e-05
1.55433e-05
6.79094e-05
9.3798e-05
7.68741e-05
7.63356e-05
7.09193e-05
8.36212e-05
8.96411e-05
0.000112817
0.000147953
0.000227884
0.00034232
0.000448937
0.000598994
0.000448857
0.000435849
0.00034664
0.000329486
0.000300199
0.000424271
0.000512126
0.000528074
0.000763185
0.000935169
0.000755599
0.000848226
0.000375786
0.000208354
0.000133433
7.29536e-05
8.58034e-05
6.55623e-05
0.000234395
0.000132243
0.000265624
0.0002284
0.000267113
0.000290841
0.000334901
0.000407075
0.000403624
0.000461877
0.00052379
0.000454218
0.000351997
0.000296249
0.000232431
0.000204698
0.000170239
7.99857e-05
3.45962e-05
7.96885e-05
0.00202761
0.0422488
0.274598
0.0426019
0.00395347
0.000159524
0.0220014
0.084924
0.346487
0.839798
0.22031
0.000238994
4.32357e-05
1.64582e-05
4.73935e-05
4.22221e-05
6.38294e-05
6.50707e-05
7.22374e-05
8.55802e-05
8.98943e-05
0.000103589
0.000134596
0.00017228
0.0002733
0.000340407
0.000391799
0.000390873
0.000400956
0.000356164
0.000353256
0.000344783
0.000450104
0.000447548
0.000524917
0.000759396
0.000957907
0.000804306
0.000918363
0.00046468
0.000320587
0.000187864
0.00010078
0.000112668
6.82526e-05
0.000131354
0.000155005
0.000147129
0.000250863
0.000242814
0.000249863
0.00030813
0.000306588
0.000330393
0.000430808
0.000378811
0.000402676
0.000330416
0.000298188
0.000230269
0.000196571
0.000131191
0.000114705
0.00010151
7.60571e-05
0.00168516
0.359175
0.988561
0.860705
0.0305045
0.00207986
0.000126165
0.00260641
0.00474251
0.013565
0.196148
0.000862478
0.000192992
2.75983e-05
5.87387e-05
2.61614e-05
3.26306e-05
8.04745e-05
9.55593e-05
0.000110251
0.000109138
0.000115348
0.000192499
0.000191438
0.000292954
0.00033585
0.000375429
0.000329457
0.000396803
0.000366343
0.000443396
0.000446457
0.000539293
0.000491863
0.000780794
0.000835826
0.000873129
0.000931426
0.000896628
0.000875767
0.000496105
0.000305637
0.000167155
0.000198968
0.000153117
4.50265e-05
5.87111e-05
0.000206173
0.000174668
0.000622872
0.000938963
0.000251351
0.00026001
0.000331923
0.000362758
0.000387088
0.000309861
0.000255764
0.000306845
0.000259433
0.000213521
0.000156582
0.000165948
0.0002206
0.000243358
0.00333638
0.552589
0.969673
0.98047
0.468153
0.0916873
0.0118888
0.00028136
0.00072506
0.000344893
0.00937842
0.000390938
0.00025878
0.000184858
7.68462e-05
5.41998e-05
3.98506e-05
6.59855e-05
0.000104347
0.000101685
0.000123065
0.00012457
0.000212454
0.000192301
0.000241659
0.000249463
0.000378913
0.000328086
0.000506971
0.0006415
0.000617607
0.000442151
0.000539871
0.000529663
0.000838531
0.000853068
0.00104738
0.00140634
0.00130706
0.00106442
0.000653009
0.000443111
0.000502543
0.00052165
0.000293713
4.13591e-05
7.4528e-05
0.000149603
0.000424935
0.000750688
0.000779299
0.000294798
0.000379397
0.000288373
0.000294395
0.000391857
0.000368486
0.0003024
0.000318858
0.000225874
0.00016899
0.000147584
0.000129759
0.000141494
0.000141825
0.003239
0.244065
0.664537
0.789777
0.755712
0.850467
0.210891
0.0101164
0.000469762
9.08634e-05
5.71816e-05
3.35817e-05
0.000202034
0.000164778
7.32964e-05
6.53465e-05
7.77136e-05
7.01843e-05
9.1115e-05
0.000119355
0.000140692
0.000159501
0.000180872
0.000205815
0.000274847
0.000315974
0.000413777
0.000382136
0.000449445
0.000552124
0.000563391
0.000628208
0.000932012
0.000575544
0.000761072
0.000897907
0.00102518
0.00165435
0.001325
0.00195375
0.000875865
0.0005536
0.000687544
0.000507189
0.00034416
0.00019833
0.00334844
0.0124605
0.00477294
0.00100995
0.000132958
0.000257936
0.000369928
0.000381326
0.000449267
0.000497425
0.000451245
0.00038459
0.000342501
0.00025564
0.000227575
0.000197859
0.000217911
0.000185698
0.000220289
0.00342982
0.029524
0.0736491
0.351335
0.726371
0.987155
0.917819
0.519123
0.0101711
0.000225018
2.93161e-05
9.90563e-06
6.2295e-05
6.0877e-05
5.75003e-05
8.99415e-05
8.22814e-05
8.99493e-05
8.54117e-05
9.49032e-05
0.000162972
0.000183477
0.000158509
0.000190063
0.000242737
0.000295107
0.000394397
0.000385942
0.000465596
0.000449781
0.000566974
0.000710523
0.000918845
0.000779651
0.000861735
0.00114863
0.00149149
0.00183485
0.00115164
0.00102326
0.00086482
0.000561432
0.00031085
0.000632337
0.000160959
0.0307728
0.311895
0.110141
0.0172633
0.000410467
0.000149927
0.00019333
0.00031932
0.000539305
0.000646894
0.00056958
0.000571871
0.000369223
0.000263277
0.000225733
0.000194197
0.000129758
0.000201406
0.000259244
0.000199058
0.00053363
0.00272971
0.00347315
0.0125432
0.0998781
0.867963
0.996386
0.982709
0.163031
0.000324472
6.47913e-05
5.23418e-05
3.10176e-05
4.00259e-05
7.46886e-05
7.05285e-05
7.6406e-05
8.62914e-05
0.000117274
0.000104329
0.000142318
0.000188957
0.000161909
0.000190539
0.000255334
0.000331416
0.00043999
0.000449222
0.000537495
0.000419676
0.000478809
0.000945738
0.0014234
0.000789303
0.000652059
0.000824813
0.000753445
0.00139856
0.0013158
0.00105098
0.0015811
0.000986685
0.000308522
0.000215628
0.000111902
0.98684
0.993751
0.511675
0.00653815
0.000211024
0.000116916
0.000270592
0.00038199
0.000559675
0.000723702
0.00069312
0.000709765
0.000406799
0.000284699
0.000277429
0.000245001
0.000152343
0.000137304
0.000211274
0.000441687
0.000203872
0.000700112
0.00189926
0.00176386
0.00804224
0.376862
0.868192
0.877936
0.291546
0.000590254
1.74623e-05
3.81904e-05
2.84579e-05
1.68601e-05
5.15895e-05
7.99157e-05
6.51288e-05
9.07286e-05
9.81673e-05
0.000148778
0.00014892
0.000127967
0.000153631
0.000187295
0.000265909
0.000318029
0.000478661
0.000491876
0.000533428
0.000504581
0.000403163
0.00057219
0.00103064
0.000924588
0.0010057
0.00175864
0.00261073
0.00218688
0.00147433
0.00143329
0.0010168
0.000836239
0.0003383
0.000136362
9.59091e-05
0.997125
0.978881
0.265932
0.000389791
6.64449e-05
9.42668e-05
0.000152502
0.000421378
0.000404886
0.000602491
0.000762134
0.000573031
0.000428743
0.000332699
0.000245321
0.000201642
0.000154141
0.000142568
0.000113616
0.000214238
0.000269769
0.000225949
0.000486079
0.000423477
0.00791494
0.0414444
0.123417
0.0809258
0.0532705
0.000581591
5.39389e-05
4.35681e-05
4.97661e-05
2.93368e-05
2.54424e-05
5.01631e-05
0.000103721
9.89851e-05
0.00010264
0.000149541
0.000198425
0.000115586
0.000142933
0.0003219
0.000367212
0.000336068
0.000447137
0.000494015
0.000657872
0.000677509
0.000488212
0.000534773
0.000939074
0.000680174
0.00116503
0.00357111
0.00231776
0.00191217
0.00156661
0.00116427
0.00103528
0.000667713
0.00017256
0.00010342
5.85073e-05
0.941788
0.601877
0.00599757
8.22635e-05
4.51289e-05
0.000160337
0.00034942
0.000318801
0.000329404
0.000564872
0.000574029
0.000542567
0.000466088
0.000425788
0.000273204
0.000242624
0.000206936
0.000169097
0.000119974
0.000125532
0.000131574
0.000272158
0.000190856
0.000180651
0.000252418
0.000567746
0.00187611
0.00078584
0.000408092
0.000135027
9.99063e-05
0.000126456
0.000104176
5.83394e-05
5.30181e-05
3.98449e-05
9.14417e-05
0.000152004
0.000113169
0.000142711
0.000122843
0.000134406
0.000187234
0.000312244
0.000437039
0.000345014
0.0004143
0.000494944
0.000570294
0.000651431
0.000520095
0.000704092
0.000797067
0.000688069
0.00147965
0.00198551
0.00134646
0.00112484
0.00139359
0.00128796
0.000494614
0.000375198
0.000149404
0.000153596
0.000143565
0.191792
0.121337
0.00150571
0.000533714
0.000164627
0.000340434
0.00027906
0.00036262
0.000439137
0.000541671
0.000371235
0.000547442
0.000562851
0.000365996
0.000267684
0.00020049
0.000152462
0.000162438
0.000113814
0.000104741
9.15134e-05
8.00023e-05
0.000183064
0.000118409
9.16448e-05
0.000102554
9.26489e-05
0.000227444
9.7831e-05
3.62723e-05
0.000149823
0.000185093
0.00014497
9.73317e-05
0.000110293
9.43239e-05
8.77789e-05
0.000157148
0.000192079
0.000130127
0.000124152
0.000186467
0.000304325
0.000481551
0.000540671
0.000495523
0.000404093
0.000412686
0.000570692
0.000572482
0.000591441
0.000592197
0.000682658
0.000599388
0.000697303
0.00101946
0.00098035
0.00102082
0.00213584
0.00125799
0.000571573
0.000406265
0.000180011
0.000340965
0.000271144
0.000445299
0.00235399
0.000507309
0.000443226
0.000530581
0.000380198
0.000256622
0.000347493
0.000488786
0.000381652
0.000371642
0.000524227
0.000469826
0.0003625
0.000269949
0.000239148
0.000170985
0.000153147
0.000121379
0.000116652
9.3516e-05
6.64989e-05
6.56852e-05
0.000101106
6.44443e-05
9.09844e-05
9.61464e-05
0.000196426
0.000167188
2.84804e-05
6.41478e-05
0.000130138
0.000134251
0.00017305
0.000178269
0.000135972
0.000166007
9.79709e-05
0.000111308
0.000132957
0.000124768
0.000177798
0.000348014
0.000712577
0.000590414
0.000466354
0.000437177
0.000472337
0.000609598
0.000581744
0.000552019
0.000568439
0.00101518
0.000641536
0.00072423
0.000940671
0.000681685
0.00112919
0.00138913
0.000933735
0.000536383
0.000345858
0.000415852
0.000888638
0.000475809
7.57699e-05
4.94362e-05
5.40107e-05
0.000242907
0.000306934
0.000196968
0.000226698
0.00030414
0.000333893
0.000436982
0.000334021
0.000376358
0.000326113
0.000253992
0.000246201
0.000217321
0.000171442
0.000148218
0.000129748
0.000121602
0.000100057
8.26561e-05
5.9756e-05
3.45243e-05
5.19817e-05
7.00656e-05
0.000136735
8.58521e-05
3.82804e-05
6.046e-05
5.97836e-05
6.26859e-05
0.000271498
0.000173726
0.000160558
0.000178041
0.000126257
0.000117239
8.35324e-05
0.000129379
0.000170237
0.000155961
0.000317853
0.000477315
0.000493387
0.000393732
0.000458359
0.000481457
0.000690153
0.000617053
0.000627506
0.000835916
0.000966447
0.000552578
0.000501939
0.000726331
0.00127809
0.00117666
0.00175712
0.0016983
0.000672235
0.000524677
0.000370639
0.00125824
0.000608408
0.00013311
2.70759e-05
0.000105605
0.000222435
0.000144516
0.00018547
0.000230138
0.000256608
0.000260435
0.000329913
0.000298147
0.00029575
0.000297163
0.00024872
0.000223824
0.000176791
0.000179066
0.00017072
0.000130861
0.000148112
0.000119323
9.34135e-05
9.05397e-05
7.93797e-05
3.4133e-05
5.56447e-05
8.7753e-05
5.86625e-05
4.42337e-05
9.81673e-05
0.00015195
5.69224e-05
8.93855e-05
0.000217451
0.00012585
0.000126006
0.000106992
0.000125507
0.000130446
0.000115385
0.000179767
0.000188382
0.000264038
0.000446611
0.000416647
0.000480473
0.000506197
0.000511467
0.000627865
0.000767017
0.00106778
0.000959177
0.00158838
0.00139841
0.00117576
0.00193596
0.00170356
0.000922792
0.000878865
0.000811067
0.000738005
0.000482216
0.00024131
0.000643206
0.000364757
0.000367907
0.000145706
0.00021558
0.000156275
0.000183642
0.000218334
0.000220947
0.00024968
0.000282855
0.000325389
0.000306942
0.000305192
0.000220496
0.000227964
0.000225409
0.000188993
0.000177629
0.000200962
0.000142539
0.000121947
0.000135279
0.000104272
0.000104924
0.000122595
8.5213e-05
3.81278e-05
7.46648e-05
0.000130194
0.000162004
0.00019877
0.000206945
0.000109596
7.18415e-05
5.61197e-05
9.07091e-05
9.4346e-05
0.00010365
0.000163572
0.000198021
0.00019465
0.000169947
0.000222246
0.000307694
0.000365552
0.000445292
0.000405084
0.000522588
0.000554122
0.000753102
0.000732552
0.000992214
0.00125145
0.00143797
0.00149451
0.00183008
0.00201742
0.00157475
0.000927283
0.0008232
0.000772907
0.000785306
0.00047002
0.000304596
0.000186642
0.000148567
0.00207043
0.000763663
0.000248997
0.000202027
0.000210898
0.000222091
0.000232492
0.000338084
0.000288675
0.000304455
0.000329833
0.000287763
0.000274698
0.000243009
0.000187492
0.00018643
0.000174693
0.000190873
0.000161658
0.000161974
0.00018019
0.000110364
0.00013462
0.000129167
0.000127913
7.9098e-05
4.90224e-05
0.000179297
0.000782368
0.000351855
0.00020758
7.29691e-05
6.33279e-05
4.53964e-05
6.2753e-05
0.000132133
0.000114412
0.000168457
0.000219931
0.00019712
0.000193368
0.000191222
0.00026519
0.000355069
0.000444443
0.000491343
0.000584751
0.000551026
0.000687682
0.000645202
0.000689563
0.000951474
0.00117169
0.00183454
0.00395709
0.00303291
0.00188193
0.00121242
0.00101332
0.000903501
0.000820474
0.000290319
0.000115023
0.000113137
0.000108135
0.000606161
0.000268851
0.000250263
0.000252897
0.000183676
0.00021915
0.000282909
0.000312088
0.000252528
0.000356439
0.000406314
0.000338144
0.000321653
0.000233531
0.000180701
0.000179947
0.000170555
0.000150981
0.000154002
0.00014005
0.000124014
0.000149511
0.000127284
0.000114899
0.000130967
0.000107996
0.000175864
0.000138217
0.00028013
0.000327992
0.000113385
5.83339e-05
5.83863e-05
6.42048e-05
5.20283e-05
8.47116e-05
0.000207024
0.000188817
0.000197575
0.000203374
0.000156386
0.000199805
0.000247459
0.000344708
0.000452834
0.000570308
0.000644717
0.000624909
0.000781958
0.000696891
0.000607927
0.000882584
0.00141222
0.00153567
0.00177962
0.0023332
0.00296293
0.00523045
0.00572227
0.00374582
0.00134793
0.000342476
0.000108526
0.000104177
0.000212445
0.000371573
0.000158957
0.000216627
0.000241026
0.000165005
0.000202912
0.00020571
0.000254664
0.000295161
0.000350094
0.000371618
0.000387665
0.000356753
0.000232171
0.000220007
0.000156156
0.000160174
0.000142371
0.00013329
0.000161443
0.000158806
0.000138761
0.00015189
0.000176947
0.000232965
0.000135284
0.000253117
0.000214339
8.58567e-05
0.000279061
0.00015608
0.000102299
0.000170854
8.66541e-05
0.000103963
9.80508e-05
0.000109028
0.000220145
0.000148954
0.000158705
0.000162443
0.000228431
0.000312125
0.000361109
0.000662183
0.000795795
0.000742611
0.000796984
0.0006548
0.000668509
0.000754039
0.00109813
0.00124383
0.00169399
0.00202595
0.003888
0.0105229
0.0156313
0.0303997
0.0163407
0.00217326
0.00101038
0.000288411
0.000187425
0.000484746
0.000730702
0.00028069
0.00019584
0.000203115
0.000175562
0.000202194
0.000159787
0.000237664
0.0003196
0.000382665
0.000509434
0.000379506
0.000301291
0.000205772
0.000239421
0.00015146
0.000184675
0.000152455
0.000115826
0.000119904
0.000125301
8.10975e-05
0.000130455
0.000303536
0.000231987
0.000108616
0.00010359
9.39031e-05
0.000123919
6.21617e-05
5.10732e-05
0.000128819
0.000154271
0.000118408
0.000162056
0.000126957
0.00010256
0.000132602
0.000161422
0.00023498
0.000273551
0.000262052
0.00031146
0.000279559
0.000504606
0.000693034
0.00130761
0.000895157
0.000749042
0.000714596
0.000690246
0.000862244
0.00115167
0.00160668
0.00160577
0.00163774
0.00257495
0.00259515
0.0158485
0.0127525
0.00300891
0.00156076
0.00131679
0.000613823
0.000657113
0.000378485
0.000257787
0.000167573
0.000182371
0.000235238
0.000172312
0.000156882
0.000289322
0.000248026
0.00033861
0.000399725
0.000281316
0.000274639
0.000259223
0.000229563
0.000149625
0.000156557
0.000156371
0.000137335
0.000135526
0.000128142
0.000155019
0.000244152
0.000252346
0.000479507
0.000216122
0.000122596
7.97531e-05
8.73532e-05
3.47108e-05
2.77713e-05
8.32084e-05
0.000146418
0.00010346
0.000169343
0.000211168
0.000177604
0.00016257
0.000169236
0.00024463
0.000310845
0.00049317
0.00065172
0.000593776
0.00105216
0.00112643
0.00109806
0.000808974
0.000703015
0.000693711
0.00067704
0.000701633
0.000838624
0.00167952
0.00155909
0.00132672
0.00195326
0.0021022
0.00764685
0.00590295
0.00630464
0.00722772
0.0102843
0.00294584
0.00139358
0.000803305
0.000367911
0.000171411
0.000200362
0.000203194
0.000205068
0.000203738
0.000253066
0.000249682
0.000390914
0.000454085
0.000292332
0.000297162
0.000244749
0.000185242
0.000173391
0.000170346
0.000136162
0.000120057
0.00012433
0.000134788
0.000158708
0.000287891
0.000297255
0.000265764
0.000243509
0.000164497
0.000164429
8.86882e-05
5.36833e-05
4.3264e-05
2.75547e-05
4.27364e-05
7.75255e-05
7.0661e-05
0.000218817
0.000143549
0.000170481
0.000237169
0.000304988
0.000390867
0.000438692
0.00057765
0.000941231
0.00164676
0.0015842
0.00100957
0.000707527
0.000603131
0.000617015
0.000491694
0.000473891
0.000477295
0.000811237
0.000924658
0.000794155
0.00129279
0.00159187
0.00298369
0.00215933
0.0027387
0.00405267
0.00506194
0.00353916
0.000730195
0.00145777
0.000554021
0.000218072
0.000167618
0.000177502
0.00022203
0.000246515
0.000289891
0.000332208
0.000435149
0.000376647
0.000310801
0.000314898
0.000238987
0.000194777
0.000177242
0.000163653
0.000137956
0.000123447
0.000142698
0.000123466
0.000164524
0.000264779
0.000331744
0.000192612
9.27667e-05
0.000186582
0.000328926
0.000193799
0.000102969
5.80734e-05
4.77954e-05
3.15283e-05
5.38654e-05
9.92658e-05
0.000115927
0.000120978
0.000141502
0.000188975
0.00027624
0.000263659
0.000281421
0.000414486
0.000840146
0.00145555
0.00120348
0.000663027
0.000515607
0.00065841
0.000662921
0.000545522
0.000501065
0.000468383
0.000884225
0.00105905
0.000909683
0.00128182
0.00144202
0.00137168
0.000732017
0.00114557
0.000596557
0.00161975
0.000619216
0.000475087
0.00174836
0.00104889
0.000300017
0.000180478
0.00022177
0.000266013
0.00022689
0.000245888
0.000354047
0.000484173
0.000513895
0.000328908
0.000286876
0.00021638
0.000169211
0.000166831
0.00014508
0.000129141
0.000108749
0.000135112
0.00014644
0.000248091
0.000332949
0.000151225
8.78969e-05
5.79171e-05
0.000152725
0.000394585
0.00124561
0.000309009
8.23855e-05
6.72611e-05
4.36882e-05
2.28433e-05
6.29365e-05
0.000126671
9.35674e-05
0.000110967
0.000164184
0.000170069
0.000251633
0.00030772
0.000302588
0.000625503
0.00107772
0.00100704
0.000613161
0.000463841
0.000515898
0.000583264
0.000513303
0.000587352
0.000573285
0.000707049
0.000610881
0.00101362
0.000983763
0.00112512
0.00080282
0.000632103
0.000470807
0.000527347
0.000670886
0.000305999
0.000253036
0.000416296
0.000234659
0.000200374
0.000128452
0.000166039
0.00023174
0.000199667
0.000219724
0.000344363
0.00036436
0.000393399
0.000302169
0.000251168
0.000218162
0.000186689
0.000160537
0.000133535
0.000142187
0.000151462
0.000113113
0.00016849
0.000451278
0.000147174
8.08227e-05
3.4503e-05
2.14582e-05
0.000216714
0.000889385
0.00167788
0.00109308
0.000481506
0.000110325
8.94232e-05
6.03065e-05
5.90321e-05
8.51696e-05
0.000146748
0.000166556
0.000134877
0.000173601
0.000289323
0.000333561
0.000431064
0.000358517
0.000468161
0.000749519
0.000540133
0.00057643
0.000657084
0.000567976
0.000447975
0.000598826
0.000775752
0.000659013
0.000608463
0.00119002
0.00120019
0.000984071
0.000836612
0.000580496
0.00054766
0.000475922
0.000381437
0.000186178
0.000137258
0.00012397
7.31825e-05
6.57507e-05
6.68355e-05
9.95404e-05
0.0003492
0.000890124
0.000282461
0.000254616
0.000447097
0.000516661
0.000257641
0.000227404
0.00022519
0.000181029
0.00014272
0.00013614
0.000138534
0.00011675
0.000139887
0.000165435
0.000181006
9.30941e-05
6.1424e-05
9.12517e-05
0.000184769
0.000409937
0.00129559
0.00169075
0.000776982
0.00237894
0.000918338
0.000219015
7.31258e-05
6.63531e-05
5.9377e-05
0.000122414
0.000176825
0.00013072
0.000182006
0.000213565
0.000240089
0.000245971
0.000304646
0.000386679
0.000450956
0.000417095
0.000463278
0.000537629
0.0005055
0.000477445
0.000579117
0.000690129
0.000743008
0.000702896
0.000929623
0.00138235
0.00092464
0.00106832
0.00114912
0.000690979
0.000613753
0.000837115
0.000177634
0.00023475
0.000125239
0.000185061
0.000127263
4.09989e-05
2.46693e-05
8.12319e-05
0.00109599
0.000441135
0.000232979
0.000398383
0.000375167
0.000256399
0.000257117
0.00022883
0.00018404
0.000157396
0.000139323
0.000118252
0.000134034
0.000143035
0.000107693
0.000164548
0.000326517
0.000683965
0.00202571
0.00566011
0.0024121
0.00116577
0.00285177
0.00100361
0.000870266
0.00285056
0.00123078
7.13536e-05
5.65035e-05
9.5976e-05
0.000108922
0.000123809
0.000128719
0.000159102
0.000162815
0.000162572
0.000195039
0.000268482
0.000314095
0.000357192
0.000454682
0.000468927
0.000630159
0.000616438
0.000775531
0.000785229
0.000528451
0.000634464
0.000767891
0.000773671
0.00105394
0.00112879
0.00121537
0.000942149
0.00126181
0.00202581
0.00300461
0.000541994
0.000240984
1.6084e-05
0.000207766
0.00151922
0.00178661
0.000427351
3.93593e-05
9.58371e-05
0.000240025
0.000327234
0.000509667
0.000444685
0.000332757
0.000350785
0.000267053
0.000217548
0.00019342
0.000187654
0.000131641
0.000123736
0.000179338
0.000201038
0.000256185
0.000651869
0.011241
0.0920541
0.285556
0.0435431
0.00431702
0.00141756
0.000484241
0.000362381
0.00118934
0.000868389
8.31233e-05
3.3195e-05
6.56686e-05
0.00016527
8.70103e-05
8.03885e-05
0.000124743
0.000149422
0.000209597
0.000243442
0.00025351
0.000357885
0.000441069
0.000518168
0.000591747
0.000690696
0.00089793
0.000990096
0.000954779
0.000885798
0.000689304
0.000609927
0.000452354
0.000702435
0.000920869
0.00103567
0.00140079
0.0032778
0.0103257
0.0352962
0.00326833
0.000929334
7.89481e-05
0.00440125
0.37027
0.25518
0.0080044
0.000140448
7.01211e-05
0.000117018
0.000355894
0.000410362
0.000391216
0.000408823
0.000466987
0.000456686
0.000324847
0.000240359
0.000265911
0.000217834
0.00016498
0.00014425
0.000168613
0.000126224
0.000447847
0.00503732
0.0373236
0.141493
0.0995474
0.0383399
0.00775102
0.0022137
0.00395534
0.00127954
0.000761788
0.00105071
9.71025e-05
6.74576e-05
8.25337e-05
0.000104031
9.9633e-05
0.000158234
0.000194659
0.000215089
0.000288657
0.000296055
0.000417836
0.000451946
0.000681308
0.00082172
0.000998949
0.00120978
0.00120525
0.000865018
0.000734326
0.000693518
0.000553151
0.000571584
0.000912864
0.00064345
0.000993165
0.00137599
0.00243979
0.00598013
0.0348763
0.0114183
0.000920097
0.103219
0.923741
0.986946
0.680153
0.00671432
0.000153416
7.65234e-05
0.000252324
0.000366489
0.000503841
0.000513662
0.000403156
0.000328531
0.000443961
0.000340608
0.000219357
0.000240205
0.000197138
0.000123936
0.000133391
0.0001273
0.000115893
0.000159673
0.00129163
0.00236425
0.00502458
0.0495517
0.277009
0.0554281
0.015791
0.00427474
0.00221228
0.00651939
0.0134858
0.00295517
0.000291054
0.00010388
0.000109084
0.000129881
0.000168764
0.000237422
0.000240351
0.00031877
0.000350966
0.000446874
0.000494212
0.000736218
0.000911148
0.000888351
0.00121967
0.00135906
0.00104134
0.000928375
0.000694097
0.000458895
0.000473987
0.000558222
0.000841748
0.00128661
0.000882219
0.000995565
0.000563058
0.00232202
0.000935987
0.000126807
0.999314
0.999942
0.998557
0.693971
0.00128245
0.000142187
5.35458e-05
0.000146651
0.000372907
0.000574512
0.000565206
0.000516096
0.000408763
0.0004153
0.000468301
0.000340122
0.000272321
0.000176125
0.000138246
0.000124268
0.000121657
0.00017027
0.000132212
0.000427027
0.00120803
0.00257332
0.0129612
0.197343
0.542548
0.365648
0.019406
0.00927565
0.1415
0.0995544
0.00972138
0.000413681
0.000142905
0.000171391
0.000124341
0.000236268
0.000189513
0.000203685
0.000278058
0.000295993
0.000433169
0.000486587
0.000557949
0.000671617
0.000722445
0.000792989
0.000818668
0.000785353
0.000740109
0.000589763
0.000538445
0.000400493
0.000518297
0.000672672
0.00122324
0.000744518
0.000693268
0.000183157
0.000200368
0.000101405
6.85638e-05
1.0
0.99996
0.988781
0.0752739
0.000161699
7.03895e-05
5.66177e-05
0.000137259
0.000400977
0.000519824
0.000427946
0.000370956
0.000400021
0.000263218
0.000272643
0.000344211
0.00023101
0.000159748
0.000128761
8.75551e-05
0.000115705
0.000157337
0.00015593
0.000234928
0.000457954
0.000997975
0.00330853
0.0665527
0.649003
0.790748
0.010056
0.000666532
0.00292154
0.00894935
0.00200386
0.000232769
0.000164087
0.000208525
0.000151788
0.000131905
0.000140863
0.00014263
0.000184632
0.000239649
0.00038646
0.000451911
0.000665162
0.000708082
0.000912202
0.000798412
0.000649076
0.000572445
0.000575137
0.000556008
0.000448615
0.000504616
0.000490917
0.000763803
0.000570709
7.49031e-05
7.21772e-05
0.000341062
0.00277521
0.000159814
3.48742e-05
0.999987
0.99933
0.423093
0.00411609
0.000277805
0.000126334
0.000160317
0.000416732
0.000449198
0.000695701
0.000716723
0.000624081
0.000536836
0.000420965
0.000458355
0.000323529
0.000289843
0.000242908
0.000134063
0.000105391
8.68879e-05
0.00010671
0.000152489
0.000211849
0.000202194
0.000337331
0.00234808
0.0168858
0.151945
0.313358
0.0123052
0.000863855
0.00124201
0.000783415
0.00123314
0.000403227
0.000685874
0.000622299
0.000513597
0.000276659
0.000132788
0.000177232
0.000191998
0.000297616
0.000332517
0.000530436
0.000663879
0.000674139
0.000653144
0.000442331
0.000413355
0.000512056
0.000620507
0.000402331
0.00037332
0.000371318
0.000619594
0.000848839
0.000291631
4.18133e-05
1.19999e-05
7.3412e-05
0.0115019
0.00872478
0.00839234
0.917696
0.260766
0.00944351
0.000412607
0.000235661
0.000298725
0.000441967
0.000331248
0.000323078
0.000418446
0.000574995
0.000470892
0.000494805
0.000559257
0.000439643
0.000348292
0.00024674
0.000203103
0.000155646
0.000158771
0.000105988
8.0827e-05
0.000112297
0.000144709
0.000158289
0.000188648
0.000332035
0.00130222
0.0105331
0.0457977
0.00870828
0.00163142
0.00324884
0.000947689
0.00202533
0.000998876
0.000433591
0.00011721
0.000357445
0.000764361
0.000124246
0.00017736
0.000252165
0.000281724
0.000310583
0.000398976
0.000661141
0.000801588
0.000727903
0.000638966
0.000466513
0.000781824
0.00153738
0.000481895
0.000524152
0.000529357
0.00140163
0.00126678
0.000382587
0.000115825
1.40919e-05
0.000675004
0.360873
0.878624
0.280322
0.00442276
0.000713173
0.00021637
0.000245098
0.000392932
0.000499176
0.000182436
0.000175678
0.000275718
0.000372439
0.000506784
0.000382276
0.000392952
0.000462563
0.000382338
0.000272587
0.000202704
0.00017521
0.000141134
0.000151547
0.000141473
9.12615e-05
4.27845e-05
9.67753e-05
9.51246e-05
7.54442e-05
4.42609e-05
0.00012152
0.000631807
0.00224115
0.0026524
0.00279507
0.0307974
0.0355005
0.01884
0.00129368
0.00159514
0.000489969
0.000329816
0.000551308
0.000448668
0.000171833
0.000200151
0.000258001
0.000296667
0.000349002
0.000607923
0.000532569
0.000560518
0.000476488
0.000600479
0.00107323
0.00204012
0.000634439
0.000913787
0.000462327
0.000294921
0.000742287
0.00104774
0.00100209
0.0017362
0.0834438
0.825251
0.98412
0.490001
8.33043e-05
4.8139e-05
6.49295e-05
0.000220741
0.000550206
0.000207944
0.000151526
0.000165263
0.000255892
0.000251643
0.000247234
0.000308077
0.000327152
0.00029669
0.000291429
0.000264869
0.000200649
0.000171689
0.000131031
0.000179436
0.000172846
0.000119743
6.48165e-05
4.86998e-05
6.75229e-05
9.36646e-05
5.37789e-05
0.000144565
0.00031497
0.000918718
0.00167898
0.00996844
0.232772
0.632322
0.559339
0.0225396
0.00308753
0.00213265
0.00127032
0.000334672
0.000669356
0.000521036
0.000247108
0.000231842
0.000252334
0.000349861
0.000572034
0.000367866
0.00039375
0.000404018
0.000857185
0.00241926
0.00281162
0.00132387
0.000866776
0.000109081
0.000181266
0.00110394
0.225157
0.53392
0.431075
0.926162
0.949257
0.943309
0.646864
0.000239441
0.000242837
0.000104315
0.000297944
0.000232253
0.000132195
0.000171111
0.000233428
0.00026115
0.0002825
0.000277173
0.000281614
0.000257956
0.000225555
0.000193768
0.000223942
0.000182006
0.000192225
0.000150695
0.00014932
0.00015226
0.000121405
9.61782e-05
8.49811e-05
5.43418e-05
0.000135772
0.000200551
0.000346466
0.000992828
0.00037321
0.00134821
0.0223924
0.084797
0.342438
0.520526
0.107689
0.0192162
0.00585601
0.00191144
0.00034517
0.00016498
0.000737644
0.000369676
0.00052285
0.000622047
0.000528859
0.00116224
0.000464448
0.000380329
0.000694429
0.000810804
0.00176175
0.00160526
0.00106843
0.000638734
0.000144439
0.000316842
0.000475205
0.167056
0.88783
0.969727
0.962138
0.735445
0.0379952
0.0040581
0.000491938
0.00121564
0.00046604
0.000165769
9.60599e-05
0.000153744
0.000205788
0.000278286
0.000242289
0.000292154
0.000176867
0.000212965
0.000243443
0.000170303
0.000218834
0.000148396
0.000135575
0.000233187
0.000176999
0.000155177
0.00013504
0.000127857
0.000132637
0.000196152
9.47771e-05
6.40428e-05
0.000239456
0.00180379
0.003333
0.000707837
0.000696452
0.00171614
0.00666112
0.0215259
0.102087
0.132037
0.0335356
0.0193264
0.0166103
0.000845732
0.000175946
0.000128656
0.000213323
0.000600091
0.00113662
0.000719062
0.00400782
0.00158402
0.000579416
0.00084975
0.000837285
0.00119684
0.00175668
0.00149553
0.000697642
0.000156239
3.21841e-05
0.000350385
0.328106
0.992481
0.990608
0.70652
0.0946872
0.000549284
0.000121296
0.00305679
0.00949561
0.00146891
0.000462556
0.000227378
0.000192281
0.000211926
0.000251979
0.000260798
0.000603248
0.000155453
9.55009e-05
0.000146229
3.8919e-05
0.000134401
5.03358e-05
0.000155295
0.000362274
0.000191094
0.000176337
0.000161025
0.000133544
0.000134651
0.000154786
0.00018971
9.72574e-05
0.00030405
0.00513981
0.0452928
0.00735963
0.000748064
0.000461188
0.00187892
0.00302837
0.0197649
0.280418
0.495938
0.0815592
0.0294869
0.00140906
0.000301652
0.000148138
0.00030779
0.000392102
0.000449561
0.00119852
0.0146753
0.00958535
0.00149239
0.000387531
0.00121833
0.00192816
0.00230543
0.00104151
0.0011149
0.000805817
0.000121815
0.00441046
0.745528
0.995681
0.850716
0.31997
0.00771686
0.000142276
6.22312e-05
0.00722506
0.00103751
0.000281726
0.000186953
0.000112158
0.000141682
0.000166618
0.000240313
0.000153091
0.000291832
0.00012507
8.39808e-05
0.000433055
0.000193992
0.000348596
5.19193e-05
0.000154023
0.000204466
0.000124563
0.000141356
0.000229584
0.000179813
0.000130768
0.000228885
0.000170902
0.000159936
0.000921917
0.00618975
0.02654
0.00350427
0.00023018
0.000205335
0.000501065
0.00162568
0.00818019
0.0702895
0.778713
0.93153
0.215211
0.00224739
0.000190109
0.000275689
0.000412269
0.00037676
0.000429597
0.012364
0.339565
0.21391
0.0158303
0.00088052
0.00203968
0.00233055
0.00354582
0.00151874
0.00310073
0.00318283
0.00416943
0.059353
0.508641
0.522177
0.0276193
0.0011322
0.000405111
0.000141519
0.000212863
0.000773146
0.000194874
0.00015711
8.03887e-05
0.000110762
0.000224818
0.000200975
0.000266481
0.000219354
0.000258317
0.000613509
0.00562775
0.187184
0.142731
0.103836
0.00200367
0.000306748
0.000131849
0.000143023
0.000171913
0.000125091
0.000105586
0.000134101
0.000313651
0.000299111
0.000214632
0.000710847
0.00208097
0.00124669
0.000806189
0.000434758
0.000386363
0.000793366
0.00106456
0.00398858
0.0188242
0.231568
0.505022
0.0915325
0.000597894
2.7854e-05
0.000114248
0.00014774
0.000264512
0.000128542
0.00207827
0.0317909
0.0253332
0.00450494
0.000595066
0.00215306
0.0015283
0.00281656
0.00226779
0.0127771
0.00604418
0.0138704
0.00827678
0.0791337
0.0365541
0.000424662
8.8461e-05
3.86823e-05
9.66385e-05
0.000516809
0.000243274
3.95731e-05
6.29564e-05
7.72228e-05
6.64673e-05
0.00066485
0.00115261
0.000205855
0.000266373
0.000634958
0.00265312
0.272944
0.986385
0.992103
0.973604
0.0718617
0.000920641
0.000328267
0.000170378
0.000125106
0.000144206
0.000105834
0.000138548
0.000569952
0.000372247
0.000222442
0.000186328
0.000575725
0.00101609
0.000135821
0.000239842
0.000767949
0.00191529
0.00150637
0.00263371
0.00847681
0.036073
0.180169
0.0378322
0.000902025
8.52169e-05
0.000196085
0.000275673
0.000401329
0.000701375
0.0261375
0.360227
0.310579
0.0359552
0.00142032
0.00250933
0.00169003
0.00210214
0.00582144
0.00983455
0.00550584
0.00670988
0.00277561
0.00709644
0.00827941
0.000605838
0.000410435
0.000458814
0.0010743
0.00184866
0.000181069
0.000276623
9.15788e-05
9.11522e-05
3.84542e-05
9.31317e-05
0.000994638
0.000430351
0.000437025
0.000527042
0.00217697
0.185913
0.970767
0.969745
0.934348
0.0366361
0.000725649
0.000324645
0.000256316
0.000139735
0.000145657
0.000145956
0.00013549
0.000287639
0.000369554
7.01618e-05
9.44158e-05
0.000214141
0.000533851
0.000171095
9.0993e-05
0.000298646
0.00143568
0.00144169
0.000764917
0.000709057
0.00237077
0.00801833
0.00327356
0.000569487
0.000219758
0.000296189
0.000281801
0.000105193
0.000455586
0.0836671
0.861302
0.638182
0.0970929
0.00117039
0.000843373
0.001851
0.00221649
0.00891248
0.0068942
0.00436355
0.00200064
0.00334745
0.00310644
0.021487
0.00606053
0.0134629
0.0637019
0.0512144
0.00915293
1.61459e-05
0.000480574
0.00109535
0.00131206
0.000542155
8.21702e-05
0.000126644
0.000160907
0.000459101
0.000213424
0.00106338
0.151431
0.99431
0.989252
0.986338
0.0248404
0.00056847
0.000241174
0.000271562
0.000123406
0.000115642
0.000129134
0.000215236
0.000149125
0.000180046
9.66527e-05
8.82493e-05
0.000505474
0.000259836
0.000232023
0.000278833
0.000142999
0.000589529
0.000531368
0.000153447
0.000201499
0.000358578
0.000731239
0.0014353
0.000360353
0.000424338
0.000681699
0.00061378
0.000341218
0.00473512
0.642058
0.987121
0.953468
0.51713
0.00917217
0.00370662
0.00335343
0.00417466
0.00319284
0.00285687
0.00238391
0.00484094
0.00132157
0.00134191
0.00933814
0.00380404
0.00699823
0.128152
0.128838
0.00661904
0.00320705
0.246354
0.674379
0.254798
0.00767539
0.000285072
0.000133839
0.000109497
0.000277848
0.000380467
0.000785446
0.0225683
0.562886
0.309
0.415562
0.00449354
0.00025892
0.000162058
0.000130464
0.000116532
0.000153534
0.000203244
0.000215757
0.000262199
7.31002e-05
8.40156e-05
0.000653049
0.0028944
0.0010504
0.000232351
0.000105877
8.80196e-05
7.2228e-05
0.000249501
0.000307237
0.000106574
0.000202166
0.000408757
0.00051598
0.000308957
0.000345004
0.000469013
0.000584389
0.00102511
0.00413323
0.799325
0.958907
0.930506
0.507685
0.00523746
0.00293481
0.00309791
0.00316093
0.00156596
0.00176657
0.00303275
0.00239182
0.00088603
0.00206394
0.00204597
0.0013969
0.0011734
0.0127429
0.00712898
0.00151412
0.560984
0.997833
0.999297
0.904601
0.0124778
0.000134089
7.91594e-05
0.000177327
0.000263479
0.000243039
0.000156802
0.00123207
0.01622
0.00249769
0.00955952
0.000467811
0.000112026
0.0001125
8.30107e-05
9.63281e-05
0.00012539
0.000153905
0.000196854
0.0002967
0.000230772
0.000290556
0.0023246
0.0280997
0.0061733
0.000402952
5.73882e-05
1.96461e-05
4.05045e-05
2.75411e-05
6.50425e-05
0.000105165
0.000196374
0.000386163
0.000241174
0.000333458
0.000308382
0.000403104
0.000512096
0.00167501
0.000890696
0.0680816
0.054611
0.0829303
0.0154796
0.0010707
0.00142543
0.00200855
0.00126931
0.00190515
0.00215024
0.00358254
0.00168295
0.00227771
0.0066029
0.0024962
0.00222264
0.00122403
0.00399156
0.00122922
0.000872418
0.984541
0.999857
0.99866
0.813963
0.0034758
0.00018051
3.52224e-05
9.2509e-05
0.000288902
0.00061529
0.000559869
0.000685831
0.00356692
0.00123717
0.00200176
0.000275379
0.0003156
0.00035843
0.000151181
9.86612e-05
0.000126783
0.000168444
0.00016942
0.000182623
0.000265578
0.000329624
0.0013971
0.00613904
0.00430577
0.000319857
5.48605e-05
1.28733e-05
4.59526e-06
4.74563e-06
4.07611e-05
0.000188087
0.000866834
0.000473412
0.000212178
0.000315311
0.000391194
0.000884545
0.00101215
0.00283463
0.00161597
0.0100229
0.0031679
0.00541322
0.00302989
0.00125008
0.0015601
0.000893208
0.000976614
0.00232231
0.00136313
0.00116506
0.00201063
0.00320779
0.00270553
0.00189936
0.00139744
0.000436101
0.000428678
0.000226079
0.000312441
0.986786
0.988116
0.468925
0.00632676
7.64273e-05
5.15254e-05
4.54502e-05
0.000136882
0.000229523
0.000321498
0.00044017
0.000637751
0.00118308
0.000681764
0.000741321
0.000426364
0.000236849
0.000173805
0.000155571
0.000111778
8.42016e-05
0.000134571
0.000154273
0.000194216
0.000425824
0.000347753
0.00140335
0.00485364
0.00318523
0.000437809
2.64191e-05
2.56069e-05
6.48621e-06
9.13479e-06
3.95869e-05
0.000127737
0.000627191
0.000471474
0.000221322
0.000340949
0.000444028
0.00100106
0.00130257
0.002511
0.00255722
0.00408848
0.00144559
0.00203651
0.00170286
0.00195842
0.000985126
0.00065125
0.00117618
0.00141331
0.00087155
0.000757667
0.00176074
0.00215984
0.00211862
0.00320376
0.00644396
0.00134641
0.00102133
0.000387875
0.000804876
0.535354
0.566764
0.0142944
0.000308735
0.000148895
9.30842e-05
0.000157209
0.000232539
0.000279783
0.00032756
0.000496321
0.000604613
0.000860571
0.000738397
0.000567805
0.000280909
0.000200723
0.00019596
0.000269204
0.000258457
0.00018057
0.000139233
0.00029956
0.000265939
0.000653822
0.000734363
0.000504724
0.00405008
0.000910191
0.000346884
0.000262068
0.00196318
0.000298168
0.00147048
0.000306542
2.79057e-05
6.0699e-05
7.94056e-05
0.000399984
0.00156579
0.000766867
0.001345
0.00230762
0.00275741
0.00294826
0.00378299
0.00359304
0.00381175
0.00226295
0.00158518
0.00114714
0.00102552
0.000864397
0.000792413
0.000974508
0.000858125
0.00135741
0.00140837
0.00185348
0.0029798
0.0042638
0.00427751
0.00419548
0.00135578
0.00338766
0.00601562
0.0028463
0.000373018
0.000161441
9.68535e-05
0.000117744
0.000221953
0.00019804
0.000326434
0.000365439
0.000394229
0.000370869
0.00036345
0.000396961
0.000307387
0.000217084
0.000236028
0.000221053
0.000221935
0.000275078
0.000178488
4.01194e-05
5.34712e-05
0.000244814
0.000845674
0.000612541
0.000311638
0.000180687
0.000778705
0.000464106
0.0339148
0.525498
0.211728
0.14911
0.00150688
3.57533e-05
1.66143e-05
6.06589e-05
0.000220618
0.00071379
0.00182606
0.00183481
0.00244075
0.00357522
0.00456958
0.00256923
0.00409942
0.00251492
0.00190011
0.00187987
0.0014392
0.00106446
0.000954157
0.000917992
0.000615596
0.000485668
0.00133077
0.00164522
0.00206835
0.00305093
0.0113848
0.0335037
0.210664
0.108212
0.0930822
0.000502371
0.00012698
4.53142e-05
0.000136993
0.000411307
0.00017891
0.000173699
0.000202261
0.000349051
0.000424865
0.000355361
0.000367003
0.000424513
0.000410814
0.000422401
0.000215419
0.000237761
0.000238333
0.000455225
0.000612148
0.000326334
0.000166377
7.02927e-05
5.8862e-05
0.0036796
0.0133964
0.00317702
0.000650613
0.000312208
0.000429284
0.0136673
0.654249
0.964727
0.925545
0.0815821
0.000342101
5.08234e-05
0.000111105
0.000509638
0.00205602
0.00201874
0.00413647
0.00587566
0.00416159
0.00619429
0.00386103
0.00484243
0.0021465
0.00207417
0.00173206
0.00112323
0.000734806
0.000732366
0.000532814
0.000388172
0.000351048
0.0016839
0.00304515
0.00291843
0.00123483
0.00389001
0.0176771
0.509133
0.504942
0.371508
0.000261278
4.92716e-05
2.18297e-05
0.00024335
0.000310052
0.000248132
0.00023899
0.000236475
0.000354248
0.00036233
0.000336285
0.000405401
0.000355443
0.000361588
0.000375767
0.000301376
0.000191319
0.000273345
0.000599271
0.000141263
0.00014629
0.000347769
0.000201682
0.000172051
0.0014838
0.00627371
0.00419701
0.00177084
0.000161518
0.000134224
0.00449322
0.864567
0.945402
0.989209
0.951973
0.101792
0.036317
0.00589162
0.0085308
0.00269063
0.000664553
0.00111415
0.00278771
0.00370264
0.00606615
0.00510095
0.00367695
0.00213203
0.00197258
0.00167172
0.0012614
0.00095312
0.000802148
0.000587205
0.000377155
0.000326708
0.00170664
0.0027228
0.00203044
0.00114737
0.000758025
0.00127238
0.0393749
0.0496803
0.0242628
0.000924485
0.000706495
0.000339804
0.000263206
0.00020534
0.000303246
0.000276693
0.000312126
0.000382005
0.000402269
0.00046645
0.000527914
0.000490937
0.000404149
0.000384401
0.000361904
0.000242293
0.000194439
0.000228687
0.000103428
0.000399067
0.0086875
0.0222355
0.0617599
0.0197713
